18007 14670 -56
18007 14670 -54
18007 14670 -61
18007 14670 -57
18007 14670 -54
18007 14670 -48
18007 14670 -52
18007 14670 -55
18007 14670 -50
18007 14670 -59
18007 14670 -51
18007 14670 -58
18007 14670 -51
18007 14670 -47
18007 14670 -41
18007 14670 -60
18007 14670 -51
18007 14670 -59
18007 14670 -35
18007 14670 -51
18007 14670 -60
18007 14670 -63
18007 14670 -55
18007 14670 -55
18007 14670 -50
18007 14670 -52
18007 14670 -35
18007 14670 -54
18007 14670 -55
18007 14670 -61
18007 14670 -48
18007 14670 -58
18007 14670 -388
18007 14670 -55
18007 14670 -62
18007 14670 -50
18007 14670 -56
18007 14670 -62
18007 14670 -55
18007 14670 -59
18007 14670 -61
18007 14670 -57
18007 14670 -33
18007 14670 -50
18007 14670 -65
18007 14670 -57
18007 14670 -50
18007 14670 -59
18007 14670 -58
18007 14670 -61
18007 14670 -52
18007 14670 -59
18007 14670 -51
18007 14670 -58
18007 14670 -41
18007 14670 -23
18007 14670 -59
18007 14670 -64
18007 14670 -60
18007 14670 -58
18007 14670 -52
18007 14670 -62
18007 14670 -31
18007 14670 -64
18007 14670 -55
18007 14670 -57
18007 14670 -31
18007 14670 -62
18007 14670 -54
18007 14670 -65
18007 14670 -53
18007 14670 -53
18007 14670 -54
18007 14670 -53
18007 14670 -63
18007 14670 -60
18007 14670 -68
18007 14670 -52
18007 14670 -56
18007 14670 -53
18007 14670 -64
18007 14670 -37
18007 14670 -44
18007 14670 -55
18007 14670 -14
18007 14670 -64
18007 14670 -53
18007 14670 -45
18007 14670 -59
18007 14670 -47
18007 14670 -33
18007 14670 -54
18007 14670 -54
18007 14670 -55
18007 14670 -29
18007 14670 -15
18007 14670 -57
18007 14670 -59
18007 14670 -60
18007 14670 -61
18007 14670 -43
18007 14670 -50
18007 14670 -61
18007 14670 -60
18007 14670 -56
18007 14670 -49
18007 14670 -55
18007 14670 -49
18007 14670 -56
18007 14670 -55
18007 14670 -55
18007 14670 -52
18007 14670 -54
18007 14670 -59
18007 14670 -37
18007 14670 -60
18007 14670 -56
18007 14670 -25
18007 14670 -60
18007 14670 -61
18007 14670 -50
18007 14670 -60
18007 14670 -57
18007 14670 -59
18007 14670 -61
18007 14670 -59
18007 14670 -52
18007 14670 -22
18007 14670 -53
18007 14670 -55
18007 14670 -35
18007 14670 -48
18007 14670 -70
18007 14670 -65
18007 14670 -59
18007 14670 -58
18007 14670 -52
18007 14670 -62
18007 14670 -10
10577 14670 -54
18007 14670 -58
10577 14670 -36
18007 14670 -56
10577 14670 25
10577 14670 -58
18007 14670 -57
10577 14670 -59
18007 14670 -57
10577 14670 -54
18007 14670 -54
10577 14670 -53
18007 14670 -59
10577 14670 -55
18007 14670 -52
10577 14670 -15
10577 14670 -53
10577 14670 -57
18007 14670 -60
10577 14670 -62
18007 14670 -60
10577 14670 -50
18007 14670 -50
10577 14670 -56
18007 14670 -52
10577 14670 -39
18007 14670 -57
10577 14670 -57
18007 14670 -54
18007 14670 -24
18007 11336 -58
18007 14670 -30
18007 11336 -54
18007 14670 -52
18007 11336 -61
18007 14670 -53
18007 11336 -52
18007 14670 -56
18007 11336 -54
18007 14670 -52
18007 11336 -19
18007 14670 -59
14925 11336 43
